Parameters used to generate the architecture:
rdynamics 1
capacity 1
replenish 2375
inflow 400
outflow 100
hsymmetry 1
ecosel 1.2
dispersal 0.01
birth 1
survival 0.8
sexsel 10
matingcost 0.01
demesizes 100 0 
nvertices 100 100 100 
nedges 100 100 100 
nchrom 3
mutation 0.0001
recombination 3
allfreq 0.2
scaleA 1 1 1 
scaleD 0 0 0 
scaleI 0 0 0 
scaleE 0 0 0 
skews 1 1 1 
effectshape 2
effectscale 1
interactionshape 5
interactionscale 1
dominancevar 1
tburnin 1000
tend 20000
tsave 100
talkative 1
record 1
datsave 1
archsave 1
archload 0
parsave 1
archfile architecture.txt
parfile paramlog.txt
seed 1585689122888760093
ntrials 1000

Architecture:
chromosomes
0.333333 0.666667 1 
traits
1 0 0 2 2 1 1 2 0 2 0 1 2 1 1 2 2 0 0 0 0 2 0 1 1 0 2 2 0 1 0 0 2 0 2 0 0 2 2 2 0 2 1 1 0 1 0 2 0 0 1 1 0 1 0 2 2 2 0 0 0 2 1 1 0 0 2 0 0 0 1 1 0 1 0 1 2 0 0 2 1 1 0 2 0 2 0 1 0 1 0 1 1 2 1 1 1 0 2 2 0 1 2 2 2 2 2 2 1 2 0 1 2 1 2 2 1 0 0 2 2 2 0 1 0 1 1 1 2 2 1 1 2 2 1 0 2 2 0 0 2 0 1 0 1 1 1 1 2 2 2 0 2 1 0 1 2 2 0 1 0 0 2 2 1 0 1 2 0 2 1 2 2 1 2 2 0 1 1 2 2 2 0 2 0 2 0 1 1 1 1 1 0 1 1 0 1 1 2 1 1 1 1 1 2 0 0 2 1 0 2 2 1 0 0 2 2 2 0 1 2 0 0 2 0 1 1 2 2 1 2 1 0 1 0 0 1 1 0 0 2 1 2 1 0 2 2 2 1 1 1 0 1 2 0 0 0 1 1 2 2 1 0 2 0 0 0 1 0 1 2 0 1 2 2 2 2 2 2 2 0 1 1 1 1 0 2 0 1 0 0 1 1 2 0 0 0 0 1 0 
locations
0.000754704 0.00142614 0.00390573 0.00727611 0.00847469 0.0087018 0.012855 0.0143096 0.0161991 0.0273024 0.0339178 0.0382724 0.0417512 0.0478865 0.0546281 0.063247 0.0660617 0.0713964 0.0765133 0.0804116 0.0817403 0.0897143 0.0937285 0.105643 0.106683 0.108141 0.114315 0.119255 0.12136 0.125827 0.129455 0.129836 0.130783 0.150622 0.151314 0.153122 0.15489 0.155643 0.160938 0.161422 0.162871 0.167075 0.18026 0.183395 0.189531 0.195411 0.202837 0.211643 0.212407 0.215489 0.224991 0.229928 0.238518 0.238967 0.239989 0.240109 0.240134 0.246151 0.248604 0.257628 0.258535 0.260073 0.266086 0.275279 0.277182 0.277256 0.283387 0.285061 0.285865 0.289408 0.296042 0.303385 0.30447 0.304485 0.306399 0.309195 0.311042 0.31355 0.318073 0.32179 0.322938 0.323019 0.324354 0.328805 0.330094 0.33303 0.334911 0.338013 0.33859 0.341938 0.348574 0.350701 0.359264 0.362936 0.36329 0.366852 0.368398 0.370802 0.373696 0.380838 0.380932 0.382127 0.382442 0.385422 0.389607 0.39082 0.391077 0.392587 0.3935 0.396744 0.399374 0.401238 0.402254 0.405276 0.40545 0.414932 0.421129 0.423853 0.424807 0.426309 0.430575 0.433049 0.438806 0.438983 0.444789 0.447823 0.447975 0.460033 0.463585 0.463618 0.463631 0.468985 0.481016 0.489879 0.491028 0.49417 0.495678 0.497689 0.497784 0.499483 0.505205 0.505762 0.506706 0.509373 0.509492 0.509525 0.509886 0.511584 0.511599 0.516389 0.520747 0.524646 0.525191 0.527969 0.53189 0.534657 0.536775 0.540979 0.546002 0.552817 0.553451 0.559337 0.562655 0.563553 0.565056 0.565611 0.571752 0.572901 0.581388 0.582232 0.585318 0.586587 0.588353 0.593875 0.594236 0.596801 0.599866 0.600002 0.600987 0.60688 0.608984 0.612598 0.616219 0.618124 0.620947 0.6305 0.630712 0.633711 0.636231 0.637184 0.643404 0.645872 0.646764 0.649267 0.649672 0.651516 0.652029 0.6643 0.666415 0.668666 0.668723 0.66948 0.678707 0.681731 0.685113 0.69067 0.69193 0.693227 0.697797 0.698309 0.700731 0.700907 0.701822 0.709941 0.711152 0.716698 0.717617 0.724638 0.726874 0.73089 0.733135 0.736801 0.740726 0.741265 0.742424 0.751999 0.753015 0.757787 0.758679 0.7587 0.7636 0.774483 0.779584 0.781238 0.781825 0.785372 0.791732 0.793653 0.793811 0.803874 0.80439 0.807104 0.811034 0.812704 0.818369 0.825159 0.82982 0.830897 0.832966 0.838826 0.839145 0.839738 0.841042 0.842065 0.849209 0.851738 0.853636 0.858517 0.861272 0.862975 0.866434 0.87317 0.883009 0.887122 0.907752 0.909919 0.910424 0.91441 0.914887 0.917868 0.920504 0.92064 0.929508 0.932765 0.937566 0.939519 0.939779 0.940011 0.955481 0.955541 0.957698 0.960441 0.965301 0.966001 0.96781 0.968558 0.972024 0.973557 0.976763 0.977001 0.982724 0.984119 0.984164 0.984905 0.987983 0.988086 0.992801 0.993137 0.993684 0.999303 
effects
0.140559 0.134789 -0.0367694 0.0511303 0.119643 0.0733306 0.0122745 -0.0813921 0.19626 -0.040402 -0.00364157 -0.170058 0.0324852 0.155708 0.0576547 0.024101 -0.0632163 -0.0487811 0.0683032 0.22642 0.0270761 0.0658211 -0.0383151 -0.0232561 -0.0995433 0.20671 0.105956 0.0753993 0.0708455 0.125587 -0.0376877 0.149361 -0.0128335 0.11377 0.0283649 -0.0263899 0.177577 -0.00880489 -0.148098 0.0144762 0.0596333 0.0315143 -0.124233 0.0684135 -0.111227 -0.219344 -0.0554772 0.0156002 -0.0854569 0.08248 -0.0373359 0.048436 0.046856 -0.0745109 -0.0974457 0.136574 0.0273022 0.138339 -0.166609 0.0751941 -0.0452682 -0.0644513 0.0270792 0.0446364 -0.0591673 0.180782 -0.0469597 -0.0886797 0.0472931 0.0339237 0.0367869 0.0225548 -0.12166 -0.0898932 -0.0333454 0.140035 0.105034 -0.133974 -0.137803 0.0426741 0.117175 0.0315129 -0.0290049 0.236134 0.0100445 0.156255 -0.0988233 0.0922121 0.0918656 0.0616933 0.0379915 -0.191678 -0.0361002 0.268665 -0.121119 -0.173927 -0.06329 -0.103239 0.0300702 0.0593538 0.0325248 0.0184779 0.0479024 -0.0476444 -0.0625904 0.0753765 0.0477725 -0.0375924 0.0783903 -0.0221254 0.0506567 -0.0480713 0.156223 -0.0355772 0.0932759 0.0783637 0.0558882 -0.235582 -0.00600276 0.019416 0.0194177 0.0723297 -0.12508 -0.0488157 0.0903117 0.00793212 0.075978 0.0392873 0.0251061 0.0506975 -0.105929 0.0532332 -0.162818 -0.0871075 -0.0490422 0.0553132 -0.151596 -0.192102 -0.0566824 0.0755359 0.0527535 -0.0284732 -0.0676222 -0.0828158 -0.0955857 -0.0304149 -0.0381895 -0.0509015 -0.0927483 0.10212 -0.0481603 -0.0304102 0.080201 -0.110561 0.152049 -0.28723 0.224887 -0.0127766 -0.0475035 -0.0449477 0.106079 -0.0523831 0.0476975 0.053265 -0.0818404 -0.100215 -0.0622933 -0.106244 -0.0624864 0.0648253 -0.150571 0.0489196 -0.126962 -0.0266437 0.0134166 -0.0344371 0.0396849 -0.116891 -0.20173 0.0296874 -0.0811202 -0.0808801 0.0375868 0.0182264 0.0526995 -0.0438712 -0.0362439 0.0109869 0.0817574 0.0921315 0.0526384 0.156053 -0.0359053 0.0430735 0.0671395 -0.137532 -0.0970968 0.0485524 0.19297 0.0526276 -0.0323712 0.0988411 -0.0311394 -0.0120445 0.0185746 -0.0591021 0.039966 -0.122737 -0.0770764 0.18478 0.111885 -0.0853086 0.116832 -0.0276739 0.0808532 -0.164218 -0.0789657 0.108646 -0.162776 0.107483 -0.0649984 -0.154735 -0.0284173 -0.0639116 0.164615 -0.101959 -0.190734 0.100377 -0.0470757 -0.0390076 -0.145175 -0.0699552 0.0404402 -0.00421006 0.0472413 0.0118122 0.0564786 0.0246412 0.0566878 -0.080277 0.0339147 -0.0170427 0.02691 -0.18178 -0.193367 0.148134 -0.0667617 -0.154429 -0.154182 -0.15303 -0.0519715 0.052701 0.0990101 -0.0129828 -0.0712785 0.271523 -0.0373697 -0.0257178 0.0397278 0.198131 0.108204 -0.0901152 -0.0123035 -0.02278 0.122085 0.121286 0.0694879 -0.258559 0.0377979 0.0275795 0.257955 0.0448598 0.134753 -0.099034 0.0362293 0.149591 0.0423589 0.161015 -0.0317229 0.0259221 0.152524 -0.145755 0.0773312 -0.0446789 -0.0642553 -0.0577542 -0.0645805 -0.101598 0.119403 -0.0781761 0.0485993 -0.0755859 0.126951 -0.116896 -0.0716864 -0.094095 0.0915799 0.0301725 -0.05512 -0.0566973 
dominances
0.16697 0.0285943 0.0776025 0.0071726 0.0294735 0.0768684 0.147663 0.0426841 0.167164 0.095467 0.0462826 0.0784713 0.028006 0.0352858 0.0487334 0.0804721 0.109877 0.200388 0.0770724 0.166104 0.0927276 0.029956 0.114184 0.0281896 0.227481 0.0093395 0.120539 0.131913 0.110798 0.163615 0.080247 0.0721057 0.0567695 0.21463 0.000424168 0.0417185 0.0567934 0.0772479 0.050998 0.0530207 0.175399 0.185475 0.0477189 0.0514078 0.214318 0.0378591 0.0746102 0.0606335 0.000562924 0.175606 0.0860449 0.148188 0.00593368 0.134235 0.115791 0.0863305 0.0672474 0.0454678 0.0920491 0.00552554 0.0420933 0.0173102 0.0440895 0.111798 0.0378747 0.0395104 0.249978 0.0293216 0.149104 0.0163635 0.172234 0.0384957 0.0473708 0.0139975 0.0522866 0.0256825 0.155734 0.0331782 0.0404484 0.0215021 0.086152 0.0594073 0.131332 0.0998597 0.0603892 0.00681631 0.0736344 0.0723619 0.0632129 0.0656351 0.0830348 0.17663 0.0271206 0.0347245 0.0696315 0.144479 0.124913 0.0314404 0.00605394 0.0279387 0.0052101 0.109693 0.142968 0.26698 0.0782338 0.0111436 0.0190938 0.210052 0.0710524 0.0278 0.0401883 0.0106449 0.0269448 0.140864 0.00760626 0.145276 0.0168407 0.0791424 0.0911775 0.0804657 0.0174875 0.295123 0.0537084 0.0609253 0.0460884 0.0919769 0.0455962 0.159058 0.0428874 0.00696173 0.0548084 0.0504514 0.0409018 0.0635439 0.141294 0.0867988 0.0700734 0.0610948 0.0164836 0.0616366 0.0124912 0.000318323 0.0561865 0.0414922 0.19592 0.0302109 0.0876785 0.073433 0.114673 0.00674099 0.0551578 0.185119 0.0195818 0.140302 0.0147901 0.0139629 0.0586617 0.0378923 0.0134164 0.0126846 0.128585 0.146401 0.0913307 0.0091303 0.0696242 0.0675697 0.0373136 0.129321 0.0216 0.0225655 0.000796727 0.0508756 0.0666831 0.0499188 0.204668 0.193378 0.154389 0.0386803 0.0500182 0.0396897 0.158727 0.0132202 0.0768243 0.0230497 0.0206917 0.237562 0.167128 0.105375 0.0125457 0.125677 0.0584598 0.165938 0.01879 0.0259653 0.13399 0.127953 0.00579467 0.0429448 0.066042 0.00358612 0.0789766 0.230011 0.0923226 0.0231025 0.138312 0.0158673 0.0716183 0.0677022 0.0469331 0.0547478 0.0845767 0.223488 0.0662799 0.0115917 0.0925867 0.0242537 0.0789924 0.137839 0.0642945 0.028021 0.100229 0.273744 0.0291812 0.00433762 0.0981793 0.0193982 0.0717618 0.00807096 0.0966111 0.0282237 0.25756 0.0296124 0.0472338 0.0393007 0.0298398 0.0705592 0.0344118 0.259039 0.102574 0.179057 0.0471103 0.0688794 0.0256969 0.0302439 0.0242591 0.0304089 0.0301062 0.00087817 0.301694 0.0387724 0.0105058 0.14592 0.140327 0.0843716 0.0445952 0.228758 0.0280401 0.0690645 0.141885 0.069722 0.130388 0.0923309 0.0948256 0.0592757 0.141253 0.0867194 0.0271191 0.033915 0.149807 0.172532 0.0357789 0.0335484 0.136159 0.133928 0.0218639 0.0599008 0.0569493 0.0365335 0.0475646 0.0392034 0.0656415 0.131395 0.123786 0.0583244 0.039997 0.165468 0.0641925 0.196629 0.0142737 0.0123274 0.0418619 0.00209067 0.0283526 0.0845672 0.0929233 0.0253428 0.130803 0.0166393 0.00940601 0.0508699 

network 0 100
edges0
117 117 122 117 117 100 124 255 122 117 124 214 100 122 97 124 122 124 214 122 122 31 60 251 122 251 251 122 86 122 195 117 124 117 251 97 97 287 214 195 46 117 182 209 161 49 122 117 46 161 49 122 117 290 151 52 209 221 221 214 44 100 271 31 122 100 49 124 49 117 97 124 122 117 52 31 54 52 251 20 82 49 31 209 122 35 124 20 117 256 78 209 54 86 182 117 151 97 122 46 
edges1
122 251 100 255 214 124 97 97 97 86 195 235 295 49 49 254 254 1 31 182 60 60 256 168 209 209 232 232 290 46 46 46 268 44 10 287 54 54 54 161 161 25 25 19 205 213 151 271 52 52 52 20 294 221 221 65 234 18 262 84 239 239 224 35 35 285 72 72 78 78 78 176 176 36 17 17 184 82 59 59 59 30 88 138 138 218 218 218 297 297 297 297 297 297 40 186 186 266 2 48 
weights
-0.0791533 0.0716158 -0.068982 0.128837 -0.0463261 0.0685237 0.0648826 0.0328673 -0.0649908 -0.0973284 0.14783 -0.0998574 0.0632319 0.102583 0.0385128 0.114842 0.1167 0.0934614 0.0670075 0.0445852 0.0424222 -0.0744682 0.103679 -0.113382 0.0501126 0.153582 -0.104535 -0.0419257 -0.139745 -0.112178 0.111786 0.0683619 0.0968375 -0.0655725 0.0497873 0.0809494 0.078352 -0.0804743 -0.0766513 0.0724002 -0.0817187 0.0927401 -0.0987412 -0.0884102 0.0291822 -0.0220778 -0.024994 -0.0547478 0.191704 0.172952 -0.0616497 0.124771 -0.0866647 0.0533231 -0.0119164 -0.148364 -0.0513819 0.0885085 -0.108728 0.114537 0.0600823 -0.0675638 -0.0846147 -0.130979 0.0909592 0.247401 -0.0886856 0.170329 0.0949033 -0.0561832 -0.0823866 -0.0873134 0.146635 -0.0662648 -0.0498873 0.1276 0.0925115 0.108254 0.0336062 0.138155 -0.169181 -0.0964545 -0.0899215 0.117249 -0.0683079 -0.135153 0.196111 -0.103762 -0.132246 0.131494 -0.0828015 -0.0644184 0.0936186 0.0927517 -0.107536 0.0864334 0.142307 0.067468 0.0210874 -0.0664907 

network 1 100
edges0
164 164 53 164 231 53 164 231 53 164 94 164 249 113 164 283 164 249 197 249 94 231 113 197 231 164 197 164 164 197 283 164 249 231 94 283 164 197 202 197 202 197 201 283 196 283 252 145 196 164 283 298 201 145 80 53 267 23 283 202 201 201 284 283 281 283 94 197 173 272 23 197 201 231 249 272 164 249 197 202 94 249 197 5 283 249 283 261 94 272 284 164 257 283 231 257 197 194 281 283 
edges1
53 231 231 94 94 194 194 249 145 113 113 283 283 80 96 197 201 201 201 166 166 5 5 5 284 202 202 71 267 281 233 233 298 92 23 23 23 177 6 196 196 252 252 252 51 89 70 70 70 291 173 173 261 261 226 159 159 95 95 292 292 127 127 272 272 108 191 191 282 91 91 45 257 225 225 225 250 81 81 81 147 62 62 190 190 190 189 189 189 189 187 288 63 269 134 146 146 146 199 199 
weights
0.0649287 -0.0415598 -0.0607641 0.0548051 -0.191531 0.150504 0.0769937 -0.0289628 -0.0214955 -0.126819 0.130337 0.0976122 0.0543138 -0.148804 0.143601 0.072226 0.103442 -0.111695 0.11582 0.0501103 0.0732925 -0.0818812 0.112611 0.079431 -0.0863562 0.12718 -0.146804 0.108269 0.0404331 -0.099683 -0.088617 0.0946227 -0.116078 -0.0868359 -0.0656597 -0.115501 -0.0633055 -0.0544375 -0.0599462 -0.173276 -0.0835184 -0.106921 -0.175187 0.0772578 0.0209546 -0.205561 -0.118076 0.109257 0.0859957 -0.0429322 0.0862592 -0.0370603 0.130351 -0.129205 0.0424196 -0.0351582 -0.130718 0.106742 0.0536404 0.056719 -0.0420769 -0.041802 0.131857 0.20405 0.0698793 0.0477841 0.0931306 -0.0725764 0.0481088 0.101676 -0.0789259 -0.0925304 -0.0496581 0.0751303 -0.102445 -0.0927729 -0.131289 0.132716 0.0859974 -0.141163 0.112659 0.0861167 -0.0504822 -0.119582 0.0813401 0.0435511 -0.0631771 -0.134282 -0.0721111 -0.109207 -0.0927775 0.0904777 0.101114 -0.0759495 0.0615556 0.0561456 0.0502318 0.213861 0.0606941 0.0529665 

network 2 100
edges0
157 207 207 115 207 174 157 115 207 129 129 207 85 38 174 129 129 85 156 140 34 207 157 129 204 217 85 263 115 38 115 217 204 156 34 156 217 207 34 129 207 34 115 38 156 129 39 38 207 38 217 157 207 156 263 263 85 140 278 38 273 157 207 204 61 223 137 181 156 85 129 39 157 171 157 47 204 204 39 157 275 207 157 156 38 223 34 157 129 263 156 204 275 204 83 34 171 61 85 79 
edges1
207 115 129 38 174 85 85 85 85 85 34 34 34 140 275 156 204 204 204 204 66 76 217 263 263 27 247 247 171 246 180 150 107 148 148 273 273 273 112 39 39 223 223 215 278 181 181 26 26 47 47 47 185 93 61 15 15 137 137 103 99 32 32 32 175 220 220 104 167 172 172 98 198 198 276 240 149 216 216 216 37 37 121 286 56 56 79 79 79 120 211 83 57 279 279 279 169 169 55 55 
weights
-0.0426634 0.0913845 -0.153209 0.0633435 0.0815569 -0.135069 0.128168 -0.185913 -0.0940451 -0.0731774 0.0691412 0.100019 -0.0472556 -0.0727466 -0.110763 0.0431595 0.106784 0.0320281 0.0794967 0.160695 0.116123 0.0505636 -0.127767 0.115952 0.0669827 0.0886348 0.195633 0.104851 -0.101849 0.215934 0.0853279 -0.0886485 -0.0217728 -0.074022 -0.0896975 -0.186697 0.118926 0.125587 0.0628027 0.188763 0.0575018 0.0564556 -0.0587903 -0.0853691 -0.0819297 0.0793965 -0.0930791 -0.120094 0.0979908 -0.119413 -0.101941 0.119454 0.0577693 -0.143722 -0.0263139 0.0705795 -0.104272 -0.0571164 -0.113848 -0.0465933 0.0752266 -0.101866 -0.0448486 -0.0711287 0.104715 -0.0812865 0.0438939 -0.0467535 -0.0814951 -0.0913106 -0.130888 0.0760488 0.0843384 -0.112453 0.0399389 0.081851 -0.136322 0.0531526 -0.0397584 0.0882091 -0.0733729 -0.0766208 -0.121262 -0.0727773 -0.0949261 0.0998872 -0.139418 -0.106202 0.0397384 -0.0237324 0.0845929 -0.198059 0.0718357 -0.0550161 -0.0597113 0.189338 0.0358324 0.0444889 0.0383941 0.0959643 
