Parameters used to generate the architecture:
rdynamics 1
capacity 1
replenish 2375
inflow 400
outflow 100
hsymmetry 0
ecosel 0.6
dispersal 0.001
birth 1
survival 0.8
sexsel 10
matingcost 0.01
demesizes 100 0 
nvertices 100 100 100 
nedges 100 100 100 
nchrom 3
mutation 0.0001
recombination 3
allfreq 0.2
scaleA 1 1 1 
scaleD 0 0 0 
scaleI 0 0 0 
scaleE 0 0 0 
skews 1 1 1 
effectshape 2
effectscale 1
interactionshape 5
interactionscale 1
dominancevar 1
tburnin 1000
tend 20000
tsave 100
talkative 1
record 1
datsave 1
archsave 1
archload 0
parsave 1
archfile architecture.txt
parfile paramlog.txt
seed 1585737790049518287
ntrials 1000

Architecture:
chromosomes
0.333333 0.666667 1 
traits
2 0 2 1 0 2 1 2 2 0 0 2 2 1 1 1 0 0 1 2 1 0 0 2 1 2 0 0 2 2 0 0 0 2 2 1 0 1 0 2 2 1 2 0 0 2 1 1 0 1 0 2 1 1 0 2 1 0 0 0 2 1 0 2 1 1 2 1 1 0 0 2 1 0 2 0 2 1 2 2 2 1 0 0 1 1 0 0 1 1 1 1 1 1 2 2 0 2 0 0 0 1 1 1 1 1 0 2 1 1 2 2 2 1 2 0 1 2 1 0 2 2 2 2 0 1 2 2 1 0 0 0 0 1 2 2 1 0 2 2 1 1 1 2 0 1 1 0 0 2 2 2 2 1 0 0 1 2 2 0 1 1 1 1 1 1 1 0 0 0 2 2 1 0 1 0 2 2 1 0 2 1 0 2 1 0 2 2 2 0 0 0 1 1 2 1 0 2 1 0 1 1 0 2 0 2 2 1 0 2 0 1 2 2 0 0 2 2 2 1 1 0 0 2 2 1 1 2 2 1 1 2 2 1 0 0 0 0 0 1 0 1 2 2 2 1 0 0 0 0 1 0 2 2 0 1 1 1 0 1 2 2 2 1 2 1 0 0 0 2 0 1 1 1 1 0 0 0 2 2 2 1 0 0 2 2 0 1 1 1 0 1 2 2 0 0 0 2 2 0 
locations
0.000262184 0.00179903 0.00305749 0.00325093 0.00339091 0.0100237 0.0109979 0.0115402 0.0161975 0.0207298 0.0278833 0.0297189 0.0379021 0.0400927 0.0436853 0.0462988 0.0555905 0.0622329 0.0667891 0.0671822 0.067712 0.0701912 0.077621 0.0794739 0.0886601 0.089172 0.09243 0.0929014 0.0952105 0.0982259 0.100348 0.104211 0.104835 0.106001 0.111867 0.113666 0.114039 0.11477 0.119958 0.129719 0.130322 0.132575 0.133811 0.133893 0.134755 0.134962 0.147307 0.149828 0.151735 0.156183 0.157496 0.158946 0.15957 0.160858 0.16679 0.167057 0.169845 0.170646 0.175254 0.179823 0.18606 0.189199 0.192225 0.193498 0.194521 0.194776 0.198745 0.203139 0.210255 0.210312 0.213381 0.215688 0.216081 0.222223 0.225155 0.2267 0.226891 0.228384 0.230589 0.234503 0.240583 0.242204 0.243646 0.267376 0.271418 0.273308 0.282997 0.287625 0.294849 0.297468 0.300645 0.311242 0.313077 0.31438 0.321431 0.328028 0.336128 0.338478 0.338743 0.33934 0.340081 0.349979 0.350693 0.352866 0.353737 0.357459 0.359981 0.360726 0.36083 0.362268 0.362323 0.364486 0.365429 0.36573 0.367066 0.367664 0.373893 0.378209 0.378768 0.379545 0.382966 0.383496 0.385372 0.390617 0.402672 0.406587 0.408074 0.41337 0.417941 0.421389 0.422206 0.429505 0.429609 0.430173 0.436428 0.438292 0.44115 0.443169 0.447836 0.455174 0.461099 0.464048 0.466548 0.470181 0.470285 0.470806 0.473646 0.478019 0.484526 0.485233 0.486337 0.487045 0.49187 0.494205 0.495573 0.506809 0.507116 0.51194 0.512369 0.512668 0.513094 0.513545 0.520764 0.52205 0.523166 0.523472 0.525121 0.52686 0.535479 0.536331 0.538788 0.547419 0.547419 0.547789 0.553434 0.553982 0.555487 0.557128 0.56155 0.56722 0.567422 0.572903 0.576069 0.578234 0.583254 0.583688 0.583709 0.585593 0.589297 0.593919 0.595688 0.596182 0.596309 0.598395 0.604026 0.606467 0.608991 0.614544 0.614847 0.620562 0.622879 0.625784 0.626862 0.627892 0.629133 0.629378 0.630856 0.633072 0.637243 0.637888 0.643372 0.644279 0.652472 0.653389 0.65845 0.661901 0.666472 0.670078 0.6728 0.672964 0.674531 0.6841 0.690736 0.694034 0.694452 0.696393 0.698651 0.702286 0.710222 0.710367 0.713273 0.717896 0.723093 0.723278 0.731427 0.732098 0.736012 0.73863 0.745325 0.746343 0.74887 0.761411 0.764884 0.766515 0.766731 0.770484 0.777134 0.782357 0.784494 0.784717 0.785262 0.787408 0.792909 0.797396 0.798285 0.805264 0.807899 0.809808 0.817744 0.82025 0.846028 0.850454 0.855645 0.855677 0.863333 0.863688 0.869278 0.879517 0.883392 0.886832 0.890996 0.891746 0.901562 0.904633 0.910802 0.911626 0.91535 0.915414 0.915919 0.91601 0.917552 0.923984 0.925326 0.926856 0.927982 0.930743 0.934052 0.934468 0.93555 0.937854 0.941869 0.952493 0.956941 0.965265 0.968756 0.971188 0.971676 0.978597 0.980242 0.984676 
effects
0.0722048 -0.108963 0.021571 0.071233 -0.110954 -0.0134158 -0.0363486 0.0221784 -0.0950037 0.0254324 -0.0156149 0.0705291 -0.104354 -0.0367943 0.266957 0.0611194 -0.065525 0.109761 0.0400991 0.159869 -0.0451927 -0.0535132 0.126938 -0.115064 0.145114 0.0255548 0.047408 0.10388 -0.0590573 0.0680432 0.0459793 -0.132477 -0.0372731 -0.105293 0.097876 0.0931868 0.0444124 0.0218559 0.0543809 -0.0102935 -0.0549421 -0.0207773 0.0541076 -0.073711 0.0471082 0.131624 0.0890196 -0.103537 -0.0752421 -0.211882 0.0118082 0.0962896 -0.0397653 0.0162529 -0.235568 -0.0425727 -0.0548726 0.0151578 -0.0305862 -0.126733 0.0376126 0.0816825 0.0404818 0.0908662 -0.0278091 0.0361117 0.0384839 0.118659 -0.105154 -0.0392482 -0.192023 0.206179 0.121335 0.139767 -0.0371706 -0.190698 -0.1527 0.0898156 0.147256 -0.217324 0.125016 0.12801 -0.0889378 -0.140483 -0.0102443 0.0541461 0.144373 -0.0397026 0.0498616 -0.0244068 -0.0846759 0.076748 -0.020119 0.0857668 -0.0181791 -0.0570156 -0.0529254 -0.0899707 -0.121816 -0.0491848 -0.0729734 -0.02864 -0.0609 0.0303038 0.0401837 -0.0680314 0.0558982 0.0848569 -0.18245 0.063706 0.114182 -0.0739854 -0.0766896 0.0508141 0.0551521 -0.0575128 -0.0958993 -0.116416 -0.0674441 -0.0486984 -0.1458 -0.136214 0.16653 0.0370291 0.0842872 0.231264 -0.0529767 -0.0614674 -0.0784785 0.0778739 0.0635917 0.153199 0.0258937 -0.0252219 0.0750271 -0.132074 0.163144 -0.0423477 -0.116898 -0.0284546 0.0135881 -0.065824 0.10351 0.0397701 0.054483 -0.12395 -0.0348451 -0.0478447 0.05102 -0.164968 0.0763185 -0.0615787 0.23194 -0.0707283 -0.0602662 -0.0766877 0.115951 0.0245058 0.034853 -0.0186448 0.00916621 -0.0212145 0.0519421 -0.0493251 -0.119917 -0.0354384 0.0113227 0.0543947 -0.127055 0.198826 -0.0805515 0.0551942 0.159308 -0.187088 -0.124042 0.145377 -0.0769177 0.119766 -0.0996712 -0.0322269 0.206952 -0.0506181 -0.0915589 0.0391667 -0.011262 0.0678955 -0.149097 -0.011994 -0.0444883 0.0657738 -0.0853138 -0.0850261 0.0563809 0.160228 -0.0354603 0.15097 0.0508526 0.0519103 -0.0425908 0.0242328 -0.0385813 0.110795 0.129151 -0.217581 0.0580032 -0.00266485 -0.0467105 -0.022702 0.175914 -0.0536702 -0.023678 0.0770633 -0.105506 -0.0964616 0.07639 -0.0505001 -0.0203396 0.0650955 -0.027898 0.220127 0.118723 0.0322083 -0.0853492 -0.0344292 0.0240741 -0.0939981 0.039332 -0.124389 -0.0760173 -0.049749 0.266605 -0.0966521 -0.0802137 0.0770934 0.0351712 -0.0366637 0.0806581 -0.0107523 -0.0727064 0.0476043 -0.0566941 0.0799964 0.110882 0.124438 0.033826 0.0134462 -0.0793221 0.110638 0.0480687 -0.108231 -0.087515 0.00893369 0.0806069 -0.118212 0.00988668 0.0736758 -0.0562904 -0.221375 0.0925784 0.0188404 -0.153489 0.0665142 0.120633 -0.199311 -0.0869679 -0.132341 0.101271 -0.0927192 0.24827 -0.10608 -0.234648 -0.0995943 0.0933789 0.0582191 0.0303677 -0.22301 -0.114378 -0.0105095 -0.216986 -0.0579211 0.0759052 0.0686122 -0.0958814 -0.0120799 -0.0360815 0.159196 0.0360932 0.11019 0.0424859 0.0175772 -0.0812508 0.193635 -0.02479 -0.089885 0.0663096 0.0547159 0.257383 -0.113445 -0.0391919 -0.0768615 
dominances
0.0277014 0.116489 0.071677 0.10328 0.02037 0.146055 0.055734 0.0293458 0.131099 0.149243 0.0287262 0.0419216 0.146828 0.122079 0.188256 0.0160049 0.128641 0.153103 0.113002 0.120737 0.1246 0.00953281 0.135899 0.145858 0.0101321 0.0933755 0.00888879 0.0219693 0.223823 0.15726 0.00897837 0.0229437 0.239718 0.085634 0.0822413 0.0671447 0.066098 0.138997 0.0349799 0.0661829 0.0347878 0.00909015 0.0155842 0.136242 0.0536936 0.10157 0.156296 0.149783 0.00863788 0.00247012 0.0529593 0.169109 0.0997827 0.0980372 0.112811 0.174802 0.0188596 0.194912 0.0153672 0.0964346 0.0326389 0.0276344 0.0410899 0.0387663 0.0343411 0.218251 0.0913144 0.0199836 0.0810921 0.0625271 0.0132119 0.00574033 0.0723848 0.124604 0.0549418 0.0120667 0.142576 0.075269 0.0370429 0.0818417 0.0163093 0.179364 0.139661 0.0888973 0.0429546 0.114749 0.114199 0.00651249 0.0121009 0.115285 0.00500151 0.00972973 0.0607376 0.0445117 0.217315 0.00676878 0.00698209 0.0829847 0.00193153 0.013519 0.131953 0.0164855 0.0087381 0.133085 0.0508632 0.0575204 0.0172391 0.121338 0.176831 0.00526934 0.0727778 0.0523859 0.0359769 0.0375852 0.0761461 0.150578 0.0439409 0.0768273 0.12612 0.0934425 0.0793557 0.044078 0.0404714 0.00855635 0.0889194 0.0287918 0.011188 0.183324 0.0488746 0.0132916 0.0906964 0.00727911 0.15861 0.089729 0.0738158 0.148474 0.0999233 0.166984 0.0116621 0.108741 0.116698 0.0575812 0.0620101 0.0357029 0.0919754 0.0199956 0.177095 0.0540308 0.0726433 0.154227 0.132656 0.0794904 0.0484926 0.196831 0.0966083 0.012778 0.138185 0.0512406 0.0415502 0.0544684 0.114295 0.107109 0.158827 0.144577 0.0855213 0.0877429 0.00483256 0.206786 0.0600324 0.0740274 0.023841 0.0134096 0.0606645 0.0813163 0.0275528 0.0421715 0.0580571 0.0721755 0.0164216 0.0779784 0.0462661 0.101363 0.148232 0.102337 0.0956211 0.0110554 0.0185179 0.0449665 0.0585912 0.120576 0.0978647 0.233854 0.206524 0.0467507 0.0412732 0.0615315 0.0160703 0.114614 0.163289 0.007035 0.0893745 0.109805 0.0308649 0.147032 0.169834 0.116058 0.00202724 0.0718103 0.00619143 0.0752305 0.000472172 0.178063 0.175545 0.0489952 0.0258831 0.0673136 0.151738 0.145596 0.079007 0.167025 0.0413781 0.0150885 0.0545352 0.0967158 0.0457138 0.126959 0.0807474 0.0917722 0.108793 0.0946468 0.162703 0.0726452 0.0342303 0.0295472 0.0603068 0.164754 0.13037 0.071292 0.00310517 0.00080969 0.018245 0.0742512 0.0498096 0.0923721 0.0631677 0.146122 0.0494583 0.0237414 0.122915 0.0417213 0.00863546 0.174584 0.00422039 0.0961596 0.0431195 0.0404117 0.125045 0.106345 0.190129 0.0591149 0.0864773 0.0928721 0.0864247 0.069933 0.117392 0.105373 0.134371 0.156937 0.169784 0.239567 0.131273 0.106967 0.0884955 0.000417582 0.0180711 0.0460497 0.0979069 0.0416183 0.126148 0.0802921 0.0349551 0.0379163 0.121383 0.0607553 0.189135 0.114567 0.11196 0.120506 0.174358 0.0559204 0.159374 0.0430703 0.200314 0.0814026 0.136845 0.0674042 0.0101133 0.0818087 0.0337799 0.12859 

network 0 100
edges0
130 235 130 235 4 130 130 4 235 130 4 4 235 237 196 4 130 4 235 106 4 43 235 214 189 106 235 43 235 43 43 190 106 4 106 190 130 54 130 43 54 251 54 4 235 190 235 130 57 294 106 240 57 4 130 4 130 159 196 98 189 98 215 148 43 251 4 148 98 4 251 247 235 190 247 54 124 124 57 82 130 130 148 268 235 148 106 254 130 204 137 130 43 282 159 54 247 179 204 4 
edges1
235 4 4 106 106 106 32 237 237 237 196 190 190 190 247 247 43 43 43 86 214 214 189 240 240 240 290 155 155 294 87 159 159 54 54 54 251 98 98 10 16 132 296 99 82 82 57 57 236 268 129 129 137 167 148 148 75 266 266 154 215 215 119 119 119 204 204 204 50 83 124 124 124 283 202 202 26 249 249 254 254 69 69 31 44 267 267 295 282 179 179 96 70 70 191 191 276 48 248 234 
weights
-0.14299 -0.0979931 0.0336151 -0.0659546 0.0564666 -0.128907 -0.0843887 0.0674547 0.129813 -0.134395 0.122961 -0.122323 -0.0495124 0.0825173 -0.0972716 0.0796484 -0.092501 -0.092125 -0.104861 0.0919629 0.119078 -0.113595 -0.136752 0.120395 0.053716 -0.0883877 0.0999455 -0.120121 0.0932348 -0.0979469 -0.0676835 -0.0639224 -0.173018 0.068047 -0.0647252 0.0696816 -0.164499 -0.0727146 -0.0211646 0.028947 0.0407131 -0.147461 -0.112915 -0.0542398 -0.220133 -0.0648738 0.0467077 -0.129365 0.111649 -0.107981 0.103473 -0.0232189 -0.0548388 -0.0799993 -0.0724563 -0.0738462 -0.032961 0.0455942 -0.100161 -0.0908408 -0.0748478 -0.0956046 -0.066945 -0.0671911 -0.0565247 0.0939156 0.067006 -0.0450179 0.130415 -0.0898214 0.0834442 0.0809406 0.0649795 0.0599014 0.0102944 -0.0966189 -0.0518868 -0.0693839 0.0437526 0.0997064 0.0559674 -0.0816521 -0.0967705 -0.0970412 -0.0171646 0.0818252 0.062369 0.183337 -0.140932 0.1437 -0.0660814 -0.165835 0.141952 -0.15602 -0.0682073 -0.110337 -0.198626 -0.0571839 -0.15389 -0.169066 

network 1 100
edges0
230 230 105 172 105 133 230 105 230 108 255 255 105 165 105 255 105 105 255 133 133 193 105 230 172 133 230 105 230 172 102 156 198 172 230 193 67 172 198 230 156 105 108 160 255 156 102 193 230 153 156 178 146 230 193 146 81 160 257 255 67 193 105 18 198 164 193 160 133 198 255 172 165 230 102 105 156 178 241 230 174 160 164 128 178 65 165 153 37 172 219 274 219 230 193 172 67 230 105 102 
edges1
105 172 172 133 133 193 195 165 108 255 142 153 153 146 146 166 250 162 162 162 156 156 102 67 67 128 198 198 24 174 257 257 89 89 140 72 72 225 160 160 160 88 15 64 164 18 274 113 259 178 271 200 200 118 118 81 245 245 245 220 37 163 14 14 288 265 229 229 273 273 52 65 219 56 61 241 241 239 207 145 91 68 68 68 68 20 20 289 289 256 256 256 85 287 101 101 93 93 109 109 
weights
0.0425668 0.119295 -0.028638 -0.0657985 -0.063021 -0.0561129 -0.0434703 -0.0612523 0.106625 0.187865 0.0688078 0.0822279 -0.0862909 0.076766 -0.178632 -0.100137 -0.184793 -0.10333 -0.10863 0.0689125 -0.106205 0.157038 0.084476 -0.204546 -0.0779934 -0.0661456 -0.041674 -0.0202869 -0.103913 0.0430879 -0.0729993 0.0412321 -0.117097 0.114117 -0.070708 0.0529813 0.10351 -0.0605072 -0.0546995 0.10588 0.0705349 -0.0496932 -0.103222 -0.132447 -0.124141 -0.111992 0.16642 -0.0714113 0.0665689 0.152302 0.115507 -0.0636895 0.124358 -0.103968 0.049791 0.0629585 -0.115438 0.187232 0.0967486 0.0613711 -0.123588 0.0615109 -0.0543462 -0.0838491 0.0500433 -0.0781969 -0.0574405 -0.120462 -0.154761 -0.026771 0.0460224 0.0923305 0.15189 -0.0787395 0.109491 -0.129334 -0.0372079 0.0463195 0.109441 -0.0803213 -0.0367388 -0.0159869 0.0638319 -0.0302339 -0.0855592 -0.0933726 -0.0722748 0.135313 0.137533 0.113476 -0.144436 0.0494981 0.1904 0.070968 0.18097 0.0713583 -0.079166 0.0984596 -0.0660206 -0.0618261 

network 2 100
edges0
264 177 264 264 177 264 177 25 264 269 25 78 177 25 269 25 213 213 264 55 25 55 78 12 151 12 264 121 143 213 12 143 55 177 213 177 138 278 45 264 138 213 143 25 55 151 134 151 121 138 264 25 25 12 213 242 138 121 151 126 25 45 12 23 152 223 97 12 79 177 78 121 71 39 55 231 138 177 121 55 143 39 177 121 25 177 79 217 151 158 39 231 71 117 25 284 213 170 284 158 
edges1
177 143 143 78 138 25 25 269 269 8 213 213 213 170 55 183 135 203 97 151 151 12 12 121 278 110 152 152 28 11 45 39 39 60 180 42 231 231 231 223 217 217 134 134 242 117 209 23 23 158 126 126 5 284 120 120 7 252 252 205 34 197 79 79 79 71 71 71 71 279 149 107 297 297 216 216 293 293 51 63 63 212 212 212 206 176 176 176 243 243 243 187 112 33 139 244 298 224 224 224 
weights
0.0711186 0.139212 -0.112886 -0.080318 -0.104914 -0.0555509 -0.0505997 -0.0479736 0.0419208 -0.0552423 -0.0488777 -0.0804319 -0.116306 0.103591 0.0580751 0.0398794 -0.0688646 -0.100053 0.0593877 0.156318 -0.102634 0.0892807 -0.0507004 0.0965425 0.0756695 0.0611369 -0.197505 -0.0715534 -0.0508746 0.0970813 0.107114 -0.0898289 0.0685681 -0.143967 0.0802623 -0.0808273 -0.0348478 0.0620439 -0.063417 0.110107 0.078345 -0.0809154 0.0898691 -0.0454707 -0.0795497 0.0822366 -0.0758147 0.189778 0.0441477 0.16892 -0.0747011 0.0927006 -0.0704677 -0.143812 -0.0949709 -0.03589 -0.0804636 0.0598088 0.0853535 -0.0668381 0.0547948 -0.105833 -0.219197 0.161416 0.157683 -0.0689077 -0.0964618 0.13631 0.141879 0.141079 -0.095303 0.12337 0.125938 -0.0850084 0.100205 0.156518 -0.0535173 0.114118 0.101062 -0.0660664 -0.0399019 0.0573949 0.0346029 0.0497263 0.149228 0.0580042 -0.247977 0.129537 -0.0778081 0.152333 0.0692696 0.0763728 -0.127129 -0.0835893 -0.0548182 0.0366999 -0.0579059 -0.0893061 0.082874 -0.0165737 
